0.0
-0.19
0.01
0.0
-0.22
0.02
0.0
-0.69
0.42
-0.54
-0.14
0.3
-0.08
-0.01
0.18
-0.01
-3.46
-2.18
-0.77
-1.42
-2.33
-0.39
0.0
0.29
0.12
-0.21
1.27
0.0
0.02
0.13
-1.37
0.02
-2.16
-0.04
0.0
-0.07
-1.09
-0.1
-7.04
-9.48
-0.68
0.21
-0.1
0.84
-3.1
-9.39
0.0
1.16
-1.61
-0.37
-0.07
-0.04
0.44
-1.12
-7.8
-8.81
0.0
0.02
-10.99
-19.99
-12.73
-0.15
1.6
6.71
10.6
-0.29
-0.51
-0.02
0.14
-0.05
0.0
-0.02
-0.14
-0.42
-6.04
-4.55
-0.03
-6.29
-4.54
0.61
1.68
0.57
-0.38
-4.43
-4.91
-3.74
0.45
-0.52
-0.36
0.0
0.13
1.52
2.76
-0.03
-0.2
-1.27
0.02
-1.02
-2.28
-3.0
-4.85
-0.09
-2.26
-2.68
0.06
0.0
-1.19
-0.08
0.3
-0.39
-4.56
-5.21
-6.94
-4.05
-3.3
-0.21
0.04
0.01
0.05
0.0
0.62
-3.0
-0.06
-0.71
0.27
0.0
-0.51
0.26
0.0
0.0
0.17
-0.02
-0.02
0.0
-0.05
-1.22
0.0
0.02
0.02
0.0
1.34
-3.39
-1.6
0.01
-0.01
0.0
-0.07
0.03
