-0.02
0.05
-0.13
0.0
0.07
-0.01
0.0
-0.19
1.45
0.04
0.0
-0.01
0.14
-1.33
0.0
0.1
0.12
0.03
-0.04
-0.05
0.0
0.68
0.55
-0.04
0.01
0.02
-0.01
0.0
0.47
0.67
1.88
0.74
1.77
-7.14
-3.1
-1.52
-0.76
-5.19
0.05
-0.08
0.58
1.13
-0.3
-0.04
0.31
0.0
-0.16
0.87
0.1
0.14
0.15
-0.86
1.76
0.04
-0.01
0.05
-0.12
-0.09
2.92
-0.31
0.24
-0.89
-0.36
1.01
0.33
-4.37
-2.9
-0.11
0.03
-0.03
0.49
0.35
0.04
0.06
-0.38
1.06
0.15
-0.86
0.0
1.14
-0.14
-0.11
0.51
-0.09
-0.36
-2.83
-3.57
-0.6
-0.11
0.06
-0.19
-0.18
-0.19
6.17
9.82
-0.06
5.64
8.85
0.0
-0.6
-5.18
0.0
5.45
-0.61
-0.1
-1.77
0.09
0.21
0.07
-1.92
-0.35
0.03
-0.31
-0.03
-5.16
0.0
0.65
-5.43
-1.01
-0.15
-0.77
0.0
-0.08
-0.7
0.0
0.28
-1.09
0.0
0.2
-4.56
-0.11
0.66
-2.3
-0.08
-0.13
-4.35
0.28
1.42
-0.84
0.0
0.3
0.81
-0.92
0.4
0.43
0.0
0.79
-1.41
0.0
0.32
0.36
-0.01
0.26
-3.28
0.0
-0.09
-0.43
0.0
2.38
0.1
-1.02
-0.01
-0.91
0.0
-0.04
-4.14
